576 1224 10002.637499999997
791 1286 10003.125
211 1329 10003.75
926 1283 10004.387499999997
981 1283 10006.8125
645 1067 10011.924999999988
923 1212 10015.799999999988
947 1400 10019.924999999988
891 1152 10021.262499999997
1026 1347 10022.5
928 1424 10024.800000000003
876 374 10025.4375
893 1255 10025.799999999996
978 1324 10026.1875
790 1294 10031.762499999953
506 1306 10033.5
931 1348 10033.549999999988
1062 819 10035.737499999988
600 999 10037.625
813 1261 10038.487499999988
947 885 10040.0
887 1377 10040.887499999983
942 1155 10044.987499999988
1044 1367 10045.362499999996
996 1250 10047.699999999997
965 1210 10053.487499999988
283 481 10056.137499999953
1062 1258 10056.75
930 1266 10057.799999999988
792 1254 10059.0625
782 1253 10060.637499999997
934 1123 10061.699999999997
911 1225 10061.875
792 1242 10061.924999999996
870 1190 10064.799999999996
28 1312 10066.424999999996
56 347 10067.987499999996
1012 1295 10068.487499999996
954 1122 10069.8125
1071 1433 10071.25
1012 1375 10071.949999999997
867 1264 10074.362499999996
817 1293 10075.6875
1025 1363 10076.574999999997
987 1222 10076.987499999996
992 1155 10077.1875
894 1128 10078.012499999997
878 1317 10079.074999999983
978 885 10079.799999999996
840 1370 10079.98749999993
1075 1244 10081.049999999996
957 1256 10082.112499999996
1002 1429 10083.199999999997
941 1226 10084.3125
1022 1250 10086.75
831 1260 10087.762499999997
354 511 10088.3125
920 1395 10088.375
1043 1205 10090.612499999996
899 1206 10091.949999999997
1018 1213 10092.487499999996
863 1395 10094.512499999997
152 396 10094.9375
993 1276 10095.549999999996
977 1215 10096.012499999997
892 1131 10096.049999999988
121 1408 10097.699999999997
943 1425 10097.887499999997
937 1167 10099.237499999996
896 1392 10100.574999999997
71 785 10103.174999999814
964 1357 10103.199999999997
388 1020 10105.449999999997
968 1342 10105.5
898 1433 10107.1875
957 1227 10110.375
216 357 10110.449999999953
1055 1382 10112.512499999997
909 1376 10114.049999999988
867 1208 10114.449999999997
807 1256 10117.949999999997
852 1131 10119.324999999997
800 1278 10119.674999999996
842 1211 10119.699999999997
1012 1373 10120.574999999997
609 1316 10123.5
905 1213 10123.699999999983
1032 1418 10125.887499999997
904 1422 10128.637499999997
957 1410 10133.012499999997
997 1154 10134.387499999997
799 1276 10135.237499999988
968 1382 10138.262499999997
55 394 10139.550000000003
1009 1279 10140.799999999988
319 513 10141.887499999953
776 1340 10141.887499999997
129 1420 10141.987499999996
211 367 10146.88749999972
927 1356 10147.8125
